              precision    recall  f1-score   support

           0       0.96      0.97      0.97      1391
           1       0.95      0.98      0.97      1551
           2       0.93      0.89      0.91      1433
           3       0.91      0.89      0.90      1404
           4       0.92      0.95      0.93      1309
           5       0.88      0.87      0.88      1253
           6       0.93      0.95      0.94      1368
           7       0.94      0.94      0.94      1423
           8       0.89      0.88      0.88      1419
           9       0.91      0.90      0.91      1449

    accuracy                           0.92     14000
   macro avg       0.92      0.92      0.92     14000
weighted avg       0.92      0.92      0.92     14000
