              precision    recall  f1-score   support

           0       0.96      0.98      0.97       246
           1       0.97      0.97      0.97       284
           2       0.92      0.93      0.92       252
           3       0.93      0.89      0.91       257
           4       0.93      0.93      0.93       252
           5       0.92      0.93      0.92       252
           6       0.93      0.95      0.94       235
           7       0.93      0.95      0.94       261
           8       0.92      0.91      0.92       215
           9       0.92      0.89      0.91       246

    accuracy                           0.93      2500
   macro avg       0.93      0.93      0.93      2500
weighted avg       0.93      0.93      0.93      2500
